0.000000000000000000e+00 0.000000000000000000e+00 4.477068842406906057e-01
1.000000000000000000e+00 1.000000032849540643e+00 5.366667225914708572e-01
2.000000000000000000e+00 2.000000065699081286e+00 5.957175144011158663e-01
3.000000000000000000e+00 3.000000098548621708e+00 6.840682978273586734e-01
4.000000000000000000e+00 4.000000131398162573e+00 7.213465294575129860e-01
5.000000000000000000e+00 5.000000164247703438e+00 7.483225314615810086e-01
6.000000000000000000e+00 6.000000197097243415e+00 8.079410665204868058e-01
7.000000000000000000e+00 7.000000229946784280e+00 8.196194384062434057e-01
8.000000000000000000e+00 8.000000262796325146e+00 8.449615947593908105e-01
9.000000000000000000e+00 9.000000295645865123e+00 8.916950086548172116e-01
1.000000000000000000e+01 1.000000032849540688e+01 9.579792683492379668e-01
1.100000000000000000e+01 1.100000036134494685e+01 9.950776444323998771e-01
1.200000000000000000e+01 1.200000039419448683e+01 1.007985391241866591e+00
1.300000000000000000e+01 1.300000042704402858e+01 1.037282675970949475e+00
1.400000000000000000e+01 1.400000045989356856e+01 1.063299869819039012e+00
1.500000000000000000e+01 1.500000049274311031e+01 1.102115325442594829e+00
1.600000000000000000e+01 1.600000052559265029e+01 1.124535148087046244e+00
1.700000000000000000e+01 1.700000055844219204e+01 1.149858853693001892e+00
1.800000000000000000e+01 1.800000059129173025e+01 1.188259921806500419e+00
1.900000000000000000e+01 1.900000062414127200e+01 1.208055184132544424e+00
2.000000000000000000e+01 2.000000065699081375e+01 1.245775850394466033e+00
2.100000000000000000e+01 2.100000068984035195e+01 1.267486753166970015e+00
2.200000000000000000e+01 2.200000072268989371e+01 1.303286730452703823e+00
2.300000000000000000e+01 2.300000075553943546e+01 1.347818895013709550e+00
2.400000000000000000e+01 2.400000078838897366e+01 1.389130957421079060e+00
2.500000000000000000e+01 2.500000082123851541e+01 1.442038120268638757e+00
2.600000000000000000e+01 2.600000085408805717e+01 1.476313452438139384e+00
2.700000000000000000e+01 2.700000088693759892e+01 1.540993320960390989e+00
2.800000000000000000e+01 2.800000091978713712e+01 1.557268181636486171e+00
2.900000000000000000e+01 2.900000095263667887e+01 1.592334646001825060e+00
3.000000000000000000e+01 3.000000098548622063e+01 1.636116559549642080e+00
3.100000000000000000e+01 3.100000101833575883e+01 1.659121967818880883e+00
3.200000000000000000e+01 3.200000105118530058e+01 1.695539702278446859e+00
3.300000000000000000e+01 3.300000108403484234e+01 1.723258482205197284e+00
3.400000000000000000e+01 3.400000111688438409e+01 1.728273599395342641e+00
3.500000000000000000e+01 3.500000114973392584e+01 1.737818102205633819e+00
3.600000000000000000e+01 3.600000118258346049e+01 1.758852448087920850e+00
3.700000000000000000e+01 3.700000121543300224e+01 1.764685550060641317e+00
3.800000000000000000e+01 3.800000124828254400e+01 1.783805759033987304e+00
3.900000000000000000e+01 3.900000128113208575e+01 1.807772544253156255e+00
4.000000000000000000e+01 4.000000131398162750e+01 1.821549157489742443e+00
4.100000000000000000e+01 4.100000134683116926e+01 1.832461717590427419e+00
4.200000000000000000e+01 4.200000137968070391e+01 1.883524630859396476e+00
4.300000000000000000e+01 4.300000141253024566e+01 1.916729208498898052e+00
4.400000000000000000e+01 4.400000144537978741e+01 1.957528735980132328e+00
4.500000000000000000e+01 4.500000147822932917e+01 1.994985004040855658e+00
4.600000000000000000e+01 4.600000151107887092e+01 2.044702968032749091e+00
4.700000000000000000e+01 4.700000154392841267e+01 2.061394834967356537e+00
4.800000000000000000e+01 4.800000157677794732e+01 2.088969498653514112e+00
4.900000000000000000e+01 4.900000160962748907e+01 2.110550509822100018e+00
5.000000000000000000e+01 5.000000164247703083e+01 2.134626853446636385e+00
5.100000000000000000e+01 5.100000167532657258e+01 2.159898755716853636e+00
5.200000000000000000e+01 5.200000170817611433e+01 2.183595809200274740e+00
5.300000000000000000e+01 5.300000174102565609e+01 2.221777915725599239e+00
5.400000000000000000e+01 5.400000177387519784e+01 2.223366917214342653e+00
5.500000000000000000e+01 5.500000180672473249e+01 2.251914087820961363e+00
5.600000000000000000e+01 5.600000183957427424e+01 2.288525853065341398e+00
5.700000000000000000e+01 5.700000187242381600e+01 2.304634194289195470e+00
5.800000000000000000e+01 5.800000190527335775e+01 2.336531614255575651e+00
5.900000000000000000e+01 5.900000193812289950e+01 2.353121138998700790e+00
6.000000000000000000e+01 6.000000197097244126e+01 2.376794188847901612e+00
6.100000000000000000e+01 6.100000200382197590e+01 2.388091324499199697e+00
6.200000000000000000e+01 6.200000203667151766e+01 2.406137228640915726e+00
6.300000000000000000e+01 6.300000206952105941e+01 2.424493346328767007e+00
6.400000000000000000e+01 6.400000210237060116e+01 2.453803601765104148e+00
6.500000000000000000e+01 6.500000213522014292e+01 2.469239355221067189e+00
6.600000000000000000e+01 6.600000216806968467e+01 2.502994074330526342e+00
6.700000000000000000e+01 6.700000220091922642e+01 2.549563145344493353e+00
6.800000000000000000e+01 6.800000223376876818e+01 2.573751334594122753e+00
6.900000000000000000e+01 6.900000226661830993e+01 2.596363090071355018e+00
7.000000000000000000e+01 7.000000229946785169e+01 2.614703918152172513e+00
7.100000000000000000e+01 7.100000233231737923e+01 2.635988896254415348e+00
7.200000000000000000e+01 7.200000236516692098e+01 2.651139588005578585e+00
7.300000000000000000e+01 7.300000239801646273e+01 2.661869555383430619e+00
7.400000000000000000e+01 7.400000243086600449e+01 2.712616011374979763e+00
7.500000000000000000e+01 7.500000246371554624e+01 2.724981369696769296e+00
7.600000000000000000e+01 7.600000249656508799e+01 2.721556238827459229e+00
7.700000000000000000e+01 7.700000252941462975e+01 2.724011194550893133e+00
7.800000000000000000e+01 7.800000256226417150e+01 2.736303158768008004e+00
7.900000000000000000e+01 7.900000259511371326e+01 2.759514248253553514e+00
8.000000000000000000e+01 8.000000262796325501e+01 2.793320446016732017e+00
8.100000000000000000e+01 8.100000266081279676e+01 2.815731380026492037e+00
8.200000000000000000e+01 8.200000269366233852e+01 2.824271402464940461e+00
8.300000000000000000e+01 8.300000272651188027e+01 2.859343456157550367e+00
8.400000000000000000e+01 8.400000275936140781e+01 2.862163794784245763e+00
8.500000000000000000e+01 8.500000279221094956e+01 2.901114909676310916e+00
8.600000000000000000e+01 8.600000282506049132e+01 2.931718747214210108e+00
8.700000000000000000e+01 8.700000285791003307e+01 2.954858643622849890e+00
8.800000000000000000e+01 8.800000289075957483e+01 2.960252826514594648e+00
8.900000000000000000e+01 8.900000292360911658e+01 2.996751395988798805e+00
9.000000000000000000e+01 9.000000295645865833e+01 3.026615613957611473e+00
9.100000000000000000e+01 9.100000298930820009e+01 3.027546573672251551e+00
9.200000000000000000e+01 9.200000302215774184e+01 3.026849108509742869e+00
9.300000000000000000e+01 9.300000305500728359e+01 3.029696891173537132e+00
9.400000000000000000e+01 9.400000308785682535e+01 3.045346722599644451e+00
9.500000000000000000e+01 9.500000312070636710e+01 3.070025465194446301e+00
9.600000000000000000e+01 9.600000315355589464e+01 3.106331882979101788e+00
9.700000000000000000e+01 9.700000318640543640e+01 3.125166920033282114e+00
9.800000000000000000e+01 9.800000321925497815e+01 3.126804690017065624e+00
9.900000000000000000e+01 9.900000325210451990e+01 3.145539324311455776e+00
1.000000000000000000e+02 1.000000032849540617e+02 3.154264869218625478e+00
1.010000000000000000e+02 1.010000033178036034e+02 3.151966269304612656e+00
1.020000000000000000e+02 1.020000033506531452e+02 3.151545371089929937e+00
1.030000000000000000e+02 1.030000033835026869e+02 3.164275885904984431e+00
1.040000000000000000e+02 1.040000034163522287e+02 3.157499611581474852e+00
1.050000000000000000e+02 1.050000034492017704e+02 3.182477642766446291e+00
1.060000000000000000e+02 1.060000034820513122e+02 3.216320409673040892e+00
1.070000000000000000e+02 1.070000035149008539e+02 3.231764370925197305e+00
1.080000000000000000e+02 1.080000035477503957e+02 3.214577537835189958e+00
1.090000000000000000e+02 1.090000035805999232e+02 3.244112103395758506e+00
1.100000000000000000e+02 1.100000036134494650e+02 3.249117561261662956e+00
1.110000000000000000e+02 1.110000036462990067e+02 3.247477328450811385e+00
1.120000000000000000e+02 1.120000036791485485e+02 3.257369571681825615e+00
1.130000000000000000e+02 1.130000037119980902e+02 3.291156242031314072e+00
1.140000000000000000e+02 1.140000037448476320e+02 3.292023625200654280e+00
1.150000000000000000e+02 1.150000037776971737e+02 3.284891324962677217e+00
1.160000000000000000e+02 1.160000038105467155e+02 3.272802367933492551e+00
1.170000000000000000e+02 1.170000038433962573e+02 3.265965735974511563e+00
1.180000000000000000e+02 1.180000038762457990e+02 3.274315842352050865e+00
1.190000000000000000e+02 1.190000039090953408e+02 3.285444183951593544e+00
1.200000000000000000e+02 1.200000039419448825e+02 3.290590838525050632e+00
1.210000000000000000e+02 1.210000039747944243e+02 3.297965326539776143e+00
1.220000000000000000e+02 1.220000040076439518e+02 3.285561419485239831e+00
1.230000000000000000e+02 1.230000040404934936e+02 3.281646323950603072e+00
1.240000000000000000e+02 1.240000040733430353e+02 3.285975343771846635e+00
1.250000000000000000e+02 1.250000041061925771e+02 3.282916800048603978e+00
1.260000000000000000e+02 1.260000041390421188e+02 3.296623231236384122e+00
1.270000000000000000e+02 1.270000041718916606e+02 3.292951524136898733e+00
1.280000000000000000e+02 1.280000042047412023e+02 3.300617964155745820e+00
1.290000000000000000e+02 1.290000042375907299e+02 3.315433382247177097e+00
1.300000000000000000e+02 1.300000042704402858e+02 3.307553548506788843e+00
1.310000000000000000e+02 1.310000043032898134e+02 3.307789863317112555e+00
1.320000000000000000e+02 1.320000043361393693e+02 3.330926099940784813e+00
1.330000000000000000e+02 1.330000043689888969e+02 3.318981223097654087e+00
1.340000000000000000e+02 1.340000044018384528e+02 3.312078654093684182e+00
1.350000000000000000e+02 1.350000044346879804e+02 3.350133418818291187e+00
1.360000000000000000e+02 1.360000044675375364e+02 3.332194707006127299e+00
1.370000000000000000e+02 1.370000045003870639e+02 3.327701621319367309e+00
1.380000000000000000e+02 1.380000045332366199e+02 3.330543942501366317e+00
1.390000000000000000e+02 1.390000045660861474e+02 3.334426521824470413e+00
1.400000000000000000e+02 1.400000045989357034e+02 3.341205221258864100e+00
1.410000000000000000e+02 1.410000046317852309e+02 3.356562234057882677e+00
1.420000000000000000e+02 1.420000046646347585e+02 3.340662831340033279e+00
1.430000000000000000e+02 1.430000046974843144e+02 3.344511887915119441e+00
1.440000000000000000e+02 1.440000047303338420e+02 3.356612213145692358e+00
1.450000000000000000e+02 1.450000047631833979e+02 3.341894893605850569e+00
1.460000000000000000e+02 1.460000047960329255e+02 3.334607994161023381e+00
1.470000000000000000e+02 1.470000048288824814e+02 3.357271832138382983e+00
1.480000000000000000e+02 1.480000048617320090e+02 3.362163918121058082e+00
1.490000000000000000e+02 1.490000048945815649e+02 3.353595505057104909e+00
1.500000000000000000e+02 1.500000049274310925e+02 3.375743207255703204e+00
1.510000000000000000e+02 1.510000049602806484e+02 3.370846015161331088e+00
1.520000000000000000e+02 1.520000049931301760e+02 3.347937167627733857e+00
1.530000000000000000e+02 1.530000050259797320e+02 3.378676123964809097e+00
1.540000000000000000e+02 1.540000050588292595e+02 3.377095496337373159e+00
1.550000000000000000e+02 1.550000050916787870e+02 3.380046302641884992e+00
1.560000000000000000e+02 1.560000051245283430e+02 3.400241051830641403e+00
1.570000000000000000e+02 1.570000051573778705e+02 3.406724250295161127e+00
1.580000000000000000e+02 1.580000051902274265e+02 3.413022750033308572e+00
1.590000000000000000e+02 1.590000052230769541e+02 3.383475395706759148e+00
1.600000000000000000e+02 1.600000052559265100e+02 3.383719139243077212e+00
1.610000000000000000e+02 1.610000052887760376e+02 3.381834884815344999e+00
1.620000000000000000e+02 1.620000053216255935e+02 3.388522672034917527e+00
1.630000000000000000e+02 1.630000053544751211e+02 3.373696963890449041e+00
1.640000000000000000e+02 1.640000053873246770e+02 3.365606606530750167e+00
1.650000000000000000e+02 1.650000054201742046e+02 3.367715418423609997e+00
1.660000000000000000e+02 1.660000054530237605e+02 3.381501254000895962e+00
1.670000000000000000e+02 1.670000054858732881e+02 3.391255046170690512e+00
1.680000000000000000e+02 1.680000055187228156e+02 3.376548420152338359e+00
1.690000000000000000e+02 1.690000055515723716e+02 3.386235822129762152e+00
1.700000000000000000e+02 1.700000055844218991e+02 3.395820489247599383e+00
1.710000000000000000e+02 1.710000056172714551e+02 3.403196564751752806e+00
1.720000000000000000e+02 1.720000056501209826e+02 3.400338309948061077e+00
1.730000000000000000e+02 1.730000056829705386e+02 3.390517647914486954e+00
1.740000000000000000e+02 1.740000057158200661e+02 3.390590807102295212e+00
1.750000000000000000e+02 1.750000057486696221e+02 3.399865086072680675e+00
1.760000000000000000e+02 1.760000057815191497e+02 3.397822741482196651e+00
1.770000000000000000e+02 1.770000058143687056e+02 3.386527349513996477e+00
1.780000000000000000e+02 1.780000058472182332e+02 3.405664653530653840e+00
1.790000000000000000e+02 1.790000058800677891e+02 3.404661124577633036e+00
1.800000000000000000e+02 1.800000059129173167e+02 3.371045859413924983e+00
1.810000000000000000e+02 1.810000059457668442e+02 3.391122873321198217e+00
1.820000000000000000e+02 1.820000059786164002e+02 3.391164166204692076e+00
1.830000000000000000e+02 1.830000060114659277e+02 3.414557040909979690e+00
1.840000000000000000e+02 1.840000060443154837e+02 3.390992304571026850e+00
1.850000000000000000e+02 1.850000060771650112e+02 3.396436868202212800e+00
1.860000000000000000e+02 1.860000061100145672e+02 3.390000399345951543e+00
1.870000000000000000e+02 1.870000061428640947e+02 3.419136284955962779e+00
1.880000000000000000e+02 1.880000061757136507e+02 3.396197412202485832e+00
1.890000000000000000e+02 1.890000062085631782e+02 3.398185086995143767e+00
1.900000000000000000e+02 1.900000062414127342e+02 3.392179241412291546e+00
1.910000000000000000e+02 1.910000062742622617e+02 3.396484161458233508e+00
1.920000000000000000e+02 1.920000063071117893e+02 3.404107656454105513e+00
1.930000000000000000e+02 1.930000063399613452e+02 3.401260837414459282e+00
1.940000000000000000e+02 1.940000063728108728e+02 3.406195507454687021e+00
1.950000000000000000e+02 1.950000064056604288e+02 3.420903783569814838e+00
1.960000000000000000e+02 1.960000064385099563e+02 3.417407389760737324e+00
1.970000000000000000e+02 1.970000064713595123e+02 3.437140606305074897e+00
1.980000000000000000e+02 1.980000065042090398e+02 3.429158895354840197e+00
1.990000000000000000e+02 1.990000065370585958e+02 3.428312370254833041e+00
2.000000000000000000e+02 2.000000065699081233e+02 3.430192597638258345e+00
2.010000000000000000e+02 2.010000066027576793e+02 3.438506421169321481e+00
2.020000000000000000e+02 2.020000066356072068e+02 3.444504305217522599e+00
2.030000000000000000e+02 2.030000066684567628e+02 3.436084839364854204e+00
2.040000000000000000e+02 2.040000067013062903e+02 3.417788028016334856e+00
2.050000000000000000e+02 2.050000067341558179e+02 3.412868973202400458e+00
2.060000000000000000e+02 2.060000067670053738e+02 3.396441860635440513e+00
2.070000000000000000e+02 2.070000067998549014e+02 3.404177689050510658e+00
2.080000000000000000e+02 2.080000068327044573e+02 3.406839208988482692e+00
2.090000000000000000e+02 2.090000068655539849e+02 3.408804225029438584e+00
2.100000000000000000e+02 2.100000068984035408e+02 3.419684535987132623e+00
2.110000000000000000e+02 2.110000069312530684e+02 3.417956205778358125e+00
2.120000000000000000e+02 2.120000069641026244e+02 3.422827724812791406e+00
2.130000000000000000e+02 2.130000069969521519e+02 3.435997123623736105e+00
2.140000000000000000e+02 2.140000070298017079e+02 3.441233571722593698e+00
2.150000000000000000e+02 2.150000070626512354e+02 3.446151467094208609e+00
2.160000000000000000e+02 2.160000070955007914e+02 3.470871507767319564e+00
2.170000000000000000e+02 2.170000071283503189e+02 3.472437642973829952e+00
2.180000000000000000e+02 2.180000071611998465e+02 3.497420957385541929e+00
2.190000000000000000e+02 2.190000071940494024e+02 3.519085874777279077e+00
2.200000000000000000e+02 2.200000072268989300e+02 3.531553815548777120e+00
2.210000000000000000e+02 2.210000072597484859e+02 3.506230921129879885e+00
2.220000000000000000e+02 2.220000072925980135e+02 3.519009764356658465e+00
2.230000000000000000e+02 2.230000073254475694e+02 3.531100889886489291e+00
2.240000000000000000e+02 2.240000073582970970e+02 3.523715399050875163e+00
2.250000000000000000e+02 2.250000073911466529e+02 3.541250595266781875e+00
2.260000000000000000e+02 2.260000074239961805e+02 3.560353821326113444e+00
2.270000000000000000e+02 2.270000074568457364e+02 3.567021405334008577e+00
2.280000000000000000e+02 2.280000074896952640e+02 3.590109543812550985e+00
2.290000000000000000e+02 2.290000075225448199e+02 3.583869067380947016e+00
2.300000000000000000e+02 2.300000075553943475e+02 3.594797373117999850e+00
2.310000000000000000e+02 2.310000075882438750e+02 3.602097078964045185e+00
2.320000000000000000e+02 2.320000076210934310e+02 3.609606254750373111e+00
2.330000000000000000e+02 2.330000076539429585e+02 3.611926130634848242e+00
2.340000000000000000e+02 2.340000076867925145e+02 3.609869108526949422e+00
2.350000000000000000e+02 2.350000077196420420e+02 3.635484498447262069e+00
2.360000000000000000e+02 2.360000077524915980e+02 3.636238731893093323e+00
2.370000000000000000e+02 2.370000077853411256e+02 3.635680495938973689e+00
2.380000000000000000e+02 2.380000078181906815e+02 3.652856040715050767e+00
2.390000000000000000e+02 2.390000078510402091e+02 3.653728785363294929e+00
2.400000000000000000e+02 2.400000078838897650e+02 3.660500912191228640e+00
2.410000000000000000e+02 2.410000079167392926e+02 3.658927178320410700e+00
2.420000000000000000e+02 2.420000079495888485e+02 3.648309757533879427e+00
2.430000000000000000e+02 2.430000079824383761e+02 3.648298330519542443e+00
2.440000000000000000e+02 2.440000080152879036e+02 3.656214442396022335e+00
2.450000000000000000e+02 2.450000080481374596e+02 3.648239581179185009e+00
2.460000000000000000e+02 2.460000080809869871e+02 3.634948659361056489e+00
2.470000000000000000e+02 2.470000081138365431e+02 3.644112499396857885e+00
2.480000000000000000e+02 2.480000081466860706e+02 3.627968513689573626e+00
2.490000000000000000e+02 2.490000081795356266e+02 3.639870382905417312e+00
2.500000000000000000e+02 2.500000082123851541e+02 3.649016493432499786e+00
2.510000000000000000e+02 2.510000082452347101e+02 3.651616694375430683e+00
2.520000000000000000e+02 2.520000082780842376e+02 3.645085258165015052e+00
2.530000000000000000e+02 2.530000083109337936e+02 3.645876252471138557e+00
2.540000000000000000e+02 2.540000083437833212e+02 3.663916273211000441e+00
2.550000000000000000e+02 2.550000083766328771e+02 3.654332561898126830e+00
2.560000000000000000e+02 2.560000084094824047e+02 3.645346076382304901e+00
2.570000000000000000e+02 2.570000084423319322e+02 3.657028479652902675e+00
2.580000000000000000e+02 2.580000084751814597e+02 3.675716278842002804e+00
2.590000000000000000e+02 2.590000085080310441e+02 3.682778186096601569e+00
2.600000000000000000e+02 2.600000085408805717e+02 3.663384194554411444e+00
