0.000000000000000000e+00 0.000000000000000000e+00 3.611362777758770459e+00
1.000000000000000000e+00 1.000000032849540643e+00 3.605873681168367373e+00
2.000000000000000000e+00 2.000000065699081286e+00 3.579995702923575163e+00
3.000000000000000000e+00 3.000000098548621708e+00 3.544067955424402783e+00
4.000000000000000000e+00 4.000000131398162573e+00 3.523190048936374108e+00
5.000000000000000000e+00 5.000000164247703438e+00 3.502626541408535576e+00
6.000000000000000000e+00 6.000000197097243415e+00 3.474080871266540083e+00
7.000000000000000000e+00 7.000000229946784280e+00 3.453988140370070958e+00
8.000000000000000000e+00 8.000000262796325146e+00 3.440825170921465226e+00
9.000000000000000000e+00 9.000000295645865123e+00 3.423864824757005820e+00
1.000000000000000000e+01 1.000000032849540688e+01 3.412698564071223739e+00
1.100000000000000000e+01 1.100000036134494685e+01 3.392261281709266552e+00
1.200000000000000000e+01 1.200000039419448683e+01 3.361497621230467026e+00
1.300000000000000000e+01 1.300000042704402858e+01 3.342873846323941134e+00
1.400000000000000000e+01 1.400000045989356856e+01 3.319367886488553854e+00
1.500000000000000000e+01 1.500000049274311031e+01 3.297893660703613783e+00
1.600000000000000000e+01 1.600000052559265029e+01 3.265972527442268181e+00
1.700000000000000000e+01 1.700000055844219204e+01 3.253512134284877622e+00
1.800000000000000000e+01 1.800000059129173025e+01 3.225520021700616802e+00
1.900000000000000000e+01 1.900000062414127200e+01 3.192896051633648646e+00
2.000000000000000000e+01 2.000000065699081375e+01 3.170353392366688894e+00
2.100000000000000000e+01 2.100000068984035195e+01 3.145017786143957661e+00
2.200000000000000000e+01 2.200000072268989371e+01 3.120914693926887473e+00
2.300000000000000000e+01 2.300000075553943546e+01 3.096273601411864806e+00
2.400000000000000000e+01 2.400000078838897366e+01 3.065568642505616559e+00
2.500000000000000000e+01 2.500000082123851541e+01 3.041431161349792855e+00
2.600000000000000000e+01 2.600000085408805717e+01 3.027251772930533047e+00
2.700000000000000000e+01 2.700000088693759892e+01 3.007423344906284601e+00
2.800000000000000000e+01 2.800000091978713712e+01 2.979242984627486379e+00
2.900000000000000000e+01 2.900000095263667887e+01 2.938078747220212339e+00
3.000000000000000000e+01 3.000000098548622063e+01 2.934554321039970493e+00
3.100000000000000000e+01 3.100000101833575883e+01 2.910779515013431240e+00
3.200000000000000000e+01 3.200000105118530058e+01 2.894994577244171197e+00
3.300000000000000000e+01 3.300000108403484234e+01 2.883157739226148486e+00
3.400000000000000000e+01 3.400000111688438409e+01 2.877110330848967390e+00
3.500000000000000000e+01 3.500000114973392584e+01 2.859167993399951424e+00
3.600000000000000000e+01 3.600000118258346049e+01 2.825787141145742698e+00
3.700000000000000000e+01 3.700000121543300224e+01 2.793897492683480532e+00
3.800000000000000000e+01 3.800000124828254400e+01 2.786731405350562518e+00
3.900000000000000000e+01 3.900000128113208575e+01 2.776836165283641744e+00
4.000000000000000000e+01 4.000000131398162750e+01 2.754331734822595301e+00
4.100000000000000000e+01 4.100000134683116926e+01 2.725769009084691774e+00
4.200000000000000000e+01 4.200000137968070391e+01 2.718499299223780863e+00
4.300000000000000000e+01 4.300000141253024566e+01 2.697353407292124139e+00
4.400000000000000000e+01 4.400000144537978741e+01 2.678545372143133374e+00
4.500000000000000000e+01 4.500000147822932917e+01 2.658871023918869092e+00
4.600000000000000000e+01 4.600000151107887092e+01 2.661462757667174994e+00
4.700000000000000000e+01 4.700000154392841267e+01 2.642804278254101913e+00
4.800000000000000000e+01 4.800000157677794732e+01 2.627050916923118873e+00
4.900000000000000000e+01 4.900000160962748907e+01 2.604968930205797673e+00
5.000000000000000000e+01 5.000000164247703083e+01 2.586483109635215882e+00
5.100000000000000000e+01 5.100000167532657258e+01 2.576971440369287603e+00
5.200000000000000000e+01 5.200000170817611433e+01 2.556173713041882678e+00
5.300000000000000000e+01 5.300000174102565609e+01 2.542157386095669214e+00
5.400000000000000000e+01 5.400000177387519784e+01 2.530208843218267667e+00
5.500000000000000000e+01 5.500000180672473249e+01 2.517632750202179803e+00
5.600000000000000000e+01 5.600000183957427424e+01 2.502968777319251714e+00
5.700000000000000000e+01 5.700000187242381600e+01 2.481444770658700172e+00
5.800000000000000000e+01 5.800000190527335775e+01 2.484100896279085369e+00
5.900000000000000000e+01 5.900000193812289950e+01 2.467068691976481709e+00
6.000000000000000000e+01 6.000000197097244126e+01 2.460653744166699131e+00
6.100000000000000000e+01 6.100000200382197590e+01 2.434561860443774428e+00
6.200000000000000000e+01 6.200000203667151766e+01 2.409826508980005944e+00
6.300000000000000000e+01 6.300000206952105941e+01 2.398784366718235805e+00
6.400000000000000000e+01 6.400000210237060116e+01 2.382823127226612936e+00
6.500000000000000000e+01 6.500000213522014292e+01 2.375037501301368703e+00
6.600000000000000000e+01 6.600000216806968467e+01 2.350460705213266444e+00
6.700000000000000000e+01 6.700000220091922642e+01 2.347960272506309565e+00
6.800000000000000000e+01 6.800000223376876818e+01 2.327765302928841873e+00
6.900000000000000000e+01 6.900000226661830993e+01 2.314967879218255309e+00
7.000000000000000000e+01 7.000000229946785169e+01 2.290549587012813415e+00
7.100000000000000000e+01 7.100000233231737923e+01 2.261635505437253890e+00
7.200000000000000000e+01 7.200000236516692098e+01 2.253912688985708623e+00
7.300000000000000000e+01 7.300000239801646273e+01 2.240222489705173903e+00
7.400000000000000000e+01 7.400000243086600449e+01 2.233040336227046119e+00
7.500000000000000000e+01 7.500000246371554624e+01 2.216420312656456115e+00
7.600000000000000000e+01 7.600000249656508799e+01 2.185080564744221743e+00
7.700000000000000000e+01 7.700000252941462975e+01 2.162268018905575406e+00
7.800000000000000000e+01 7.800000256226417150e+01 2.144078697543054357e+00
7.900000000000000000e+01 7.900000259511371326e+01 2.127895191389482576e+00
8.000000000000000000e+01 8.000000262796325501e+01 2.121432130867171750e+00
8.100000000000000000e+01 8.100000266081279676e+01 2.123547333161256212e+00
8.200000000000000000e+01 8.200000269366233852e+01 2.103088303409090365e+00
8.300000000000000000e+01 8.300000272651188027e+01 2.080683941871927622e+00
8.400000000000000000e+01 8.400000275936140781e+01 2.077864753564306888e+00
8.500000000000000000e+01 8.500000279221094956e+01 2.057740279870379219e+00
8.600000000000000000e+01 8.600000282506049132e+01 2.050024044189938444e+00
8.700000000000000000e+01 8.700000285791003307e+01 2.040484398744831118e+00
8.800000000000000000e+01 8.800000289075957483e+01 2.019456518721110871e+00
8.900000000000000000e+01 8.900000292360911658e+01 2.015165537253212236e+00
9.000000000000000000e+01 9.000000295645865833e+01 1.995974613290428135e+00
9.100000000000000000e+01 9.100000298930820009e+01 1.977427718605653917e+00
9.200000000000000000e+01 9.200000302215774184e+01 1.970141202963156868e+00
9.300000000000000000e+01 9.300000305500728359e+01 1.965222136419619181e+00
9.400000000000000000e+01 9.400000308785682535e+01 1.952779919066502279e+00
9.500000000000000000e+01 9.500000312070636710e+01 1.940464982215150735e+00
9.600000000000000000e+01 9.600000315355589464e+01 1.921950643023598637e+00
9.700000000000000000e+01 9.700000318640543640e+01 1.905456095634177949e+00
9.800000000000000000e+01 9.800000321925497815e+01 1.889606215145243739e+00
9.900000000000000000e+01 9.900000325210451990e+01 1.873607048601331870e+00
1.000000000000000000e+02 1.000000032849540617e+02 1.875098127578277207e+00
1.010000000000000000e+02 1.010000033178036034e+02 1.877394505141285030e+00
1.020000000000000000e+02 1.020000033506531452e+02 1.855217541006613624e+00
1.030000000000000000e+02 1.030000033835026869e+02 1.842187221387440399e+00
1.040000000000000000e+02 1.040000034163522287e+02 1.829140009677057810e+00
1.050000000000000000e+02 1.050000034492017704e+02 1.825535634421585840e+00
1.060000000000000000e+02 1.060000034820513122e+02 1.807928327602307705e+00
1.070000000000000000e+02 1.070000035149008539e+02 1.785197683380880918e+00
1.080000000000000000e+02 1.080000035477503957e+02 1.770069184537462759e+00
1.090000000000000000e+02 1.090000035805999232e+02 1.769195773204677469e+00
1.100000000000000000e+02 1.100000036134494650e+02 1.753554283151665727e+00
1.110000000000000000e+02 1.110000036462990067e+02 1.746842705988135069e+00
1.120000000000000000e+02 1.120000036791485485e+02 1.744926261499335052e+00
1.130000000000000000e+02 1.130000037119980902e+02 1.741141722462083319e+00
1.140000000000000000e+02 1.140000037448476320e+02 1.763740541112060800e+00
1.150000000000000000e+02 1.150000037776971737e+02 1.741772082089633189e+00
1.160000000000000000e+02 1.160000038105467155e+02 1.750298866463648517e+00
1.170000000000000000e+02 1.170000038433962573e+02 1.745321928428545055e+00
1.180000000000000000e+02 1.180000038762457990e+02 1.743107039333440467e+00
1.190000000000000000e+02 1.190000039090953408e+02 1.732107280835866403e+00
1.200000000000000000e+02 1.200000039419448825e+02 1.729147508853785986e+00
1.210000000000000000e+02 1.210000039747944243e+02 1.717786343825850270e+00
1.220000000000000000e+02 1.220000040076439518e+02 1.706451564556855871e+00
1.230000000000000000e+02 1.230000040404934936e+02 1.682963593147321024e+00
1.240000000000000000e+02 1.240000040733430353e+02 1.668945468605554705e+00
1.250000000000000000e+02 1.250000041061925771e+02 1.661989861654462386e+00
1.260000000000000000e+02 1.260000041390421188e+02 1.649698613052222429e+00
1.270000000000000000e+02 1.270000041718916606e+02 1.649118560101790587e+00
1.280000000000000000e+02 1.280000042047412023e+02 1.659122015884800128e+00
1.290000000000000000e+02 1.290000042375907299e+02 1.655898943428752546e+00
1.300000000000000000e+02 1.300000042704402858e+02 1.637914666592702462e+00
1.310000000000000000e+02 1.310000043032898134e+02 1.648107536675617046e+00
1.320000000000000000e+02 1.320000043361393693e+02 1.634615113592682523e+00
1.330000000000000000e+02 1.330000043689888969e+02 1.615848537102595239e+00
1.340000000000000000e+02 1.340000044018384528e+02 1.623582821365669338e+00
1.350000000000000000e+02 1.350000044346879804e+02 1.613668298573898818e+00
1.360000000000000000e+02 1.360000044675375364e+02 1.603649515325652697e+00
1.370000000000000000e+02 1.370000045003870639e+02 1.612078257229203393e+00
1.380000000000000000e+02 1.380000045332366199e+02 1.631650017021787358e+00
1.390000000000000000e+02 1.390000045660861474e+02 1.646519018110550014e+00
1.400000000000000000e+02 1.400000045989357034e+02 1.635500756529048694e+00
1.410000000000000000e+02 1.410000046317852309e+02 1.624541600967411847e+00
1.420000000000000000e+02 1.420000046646347585e+02 1.629660068763213676e+00
1.430000000000000000e+02 1.430000046974843144e+02 1.632289557757462983e+00
1.440000000000000000e+02 1.440000047303338420e+02 1.631387871050206551e+00
1.450000000000000000e+02 1.450000047631833979e+02 1.628093106459755246e+00
1.460000000000000000e+02 1.460000047960329255e+02 1.626696524799708943e+00
1.470000000000000000e+02 1.470000048288824814e+02 1.617803558068075409e+00
1.480000000000000000e+02 1.480000048617320090e+02 1.617488247111070754e+00
1.490000000000000000e+02 1.490000048945815649e+02 1.607219461933527160e+00
1.500000000000000000e+02 1.500000049274310925e+02 1.609848289986391734e+00
1.510000000000000000e+02 1.510000049602806484e+02 1.617777554423381225e+00
1.520000000000000000e+02 1.520000049931301760e+02 1.602915974578547287e+00
1.530000000000000000e+02 1.530000050259797320e+02 1.598260434405019303e+00
1.540000000000000000e+02 1.540000050588292595e+02 1.606522013389411363e+00
1.550000000000000000e+02 1.550000050916787870e+02 1.601650574603871391e+00
1.560000000000000000e+02 1.560000051245283430e+02 1.604393966366102653e+00
1.570000000000000000e+02 1.570000051573778705e+02 1.610626210103662803e+00
1.580000000000000000e+02 1.580000051902274265e+02 1.585485524068001473e+00
1.590000000000000000e+02 1.590000052230769541e+02 1.596667119419448166e+00
1.600000000000000000e+02 1.600000052559265100e+02 1.595940855005027581e+00
1.610000000000000000e+02 1.610000052887760376e+02 1.589232630104453481e+00
1.620000000000000000e+02 1.620000053216255935e+02 1.586588259756067654e+00
1.630000000000000000e+02 1.630000053544751211e+02 1.599750456524524855e+00
1.640000000000000000e+02 1.640000053873246770e+02 1.601450267166547370e+00
1.650000000000000000e+02 1.650000054201742046e+02 1.604347672096173794e+00
1.660000000000000000e+02 1.660000054530237605e+02 1.596388449587466063e+00
1.670000000000000000e+02 1.670000054858732881e+02 1.594483447704110546e+00
1.680000000000000000e+02 1.680000055187228156e+02 1.594474545579158686e+00
1.690000000000000000e+02 1.690000055515723716e+02 1.587419350899653026e+00
1.700000000000000000e+02 1.700000055844218991e+02 1.587894940166781010e+00
1.710000000000000000e+02 1.710000056172714551e+02 1.581675333668684402e+00
1.720000000000000000e+02 1.720000056501209826e+02 1.570601851515505798e+00
1.730000000000000000e+02 1.730000056829705386e+02 1.564431572326321573e+00
1.740000000000000000e+02 1.740000057158200661e+02 1.569877396722413554e+00
1.750000000000000000e+02 1.750000057486696221e+02 1.592611263789191156e+00
1.760000000000000000e+02 1.760000057815191497e+02 1.581053750854188866e+00
1.770000000000000000e+02 1.770000058143687056e+02 1.578344329458543305e+00
1.780000000000000000e+02 1.780000058472182332e+02 1.578727555319810127e+00
1.790000000000000000e+02 1.790000058800677891e+02 1.555442244200564650e+00
1.800000000000000000e+02 1.800000059129173167e+02 1.565015042289370717e+00
1.810000000000000000e+02 1.810000059457668442e+02 1.580489482624075182e+00
1.820000000000000000e+02 1.820000059786164002e+02 1.562957367318858370e+00
1.830000000000000000e+02 1.830000060114659277e+02 1.555323488909826413e+00
1.840000000000000000e+02 1.840000060443154837e+02 1.571911496468220371e+00
1.850000000000000000e+02 1.850000060771650112e+02 1.553642917622825026e+00
1.860000000000000000e+02 1.860000061100145672e+02 1.550205839617254666e+00
1.870000000000000000e+02 1.870000061428640947e+02 1.576595842307816131e+00
1.880000000000000000e+02 1.880000061757136507e+02 1.563629641581642638e+00
1.890000000000000000e+02 1.890000062085631782e+02 1.565330380783441555e+00
1.900000000000000000e+02 1.900000062414127342e+02 1.568355482756845776e+00
1.910000000000000000e+02 1.910000062742622617e+02 1.548291431866305912e+00
1.920000000000000000e+02 1.920000063071117893e+02 1.536322900001052094e+00
1.930000000000000000e+02 1.930000063399613452e+02 1.554480430435811300e+00
1.940000000000000000e+02 1.940000063728108728e+02 1.537487443929080433e+00
1.950000000000000000e+02 1.950000064056604288e+02 1.557921443310896770e+00
1.960000000000000000e+02 1.960000064385099563e+02 1.544490727486895976e+00
1.970000000000000000e+02 1.970000064713595123e+02 1.548288425948416425e+00
1.980000000000000000e+02 1.980000065042090398e+02 1.549802477080489460e+00
1.990000000000000000e+02 1.990000065370585958e+02 1.547429805877102549e+00
2.000000000000000000e+02 2.000000065699081233e+02 1.532731694760125940e+00
2.010000000000000000e+02 2.010000066027576793e+02 1.513237311544114894e+00
2.020000000000000000e+02 2.020000066356072068e+02 1.480077538851772623e+00
2.030000000000000000e+02 2.030000066684567628e+02 1.462659280244462678e+00
2.040000000000000000e+02 2.040000067013062903e+02 1.444792608161133085e+00
2.050000000000000000e+02 2.050000067341558179e+02 1.423263244328441646e+00
2.060000000000000000e+02 2.060000067670053738e+02 1.404082375343935096e+00
2.070000000000000000e+02 2.070000067998549014e+02 1.384297110539652431e+00
2.080000000000000000e+02 2.080000068327044573e+02 1.357954054352708884e+00
2.090000000000000000e+02 2.090000068655539849e+02 1.343277600977196284e+00
2.100000000000000000e+02 2.100000068984035408e+02 1.323538848639817633e+00
2.110000000000000000e+02 2.110000069312530684e+02 1.305944668153757648e+00
2.120000000000000000e+02 2.120000069641026244e+02 1.291909175678294552e+00
2.130000000000000000e+02 2.130000069969521519e+02 1.277165750189978466e+00
2.140000000000000000e+02 2.140000070298017079e+02 1.252948544555111399e+00
2.150000000000000000e+02 2.150000070626512354e+02 1.245205133982427936e+00
2.160000000000000000e+02 2.160000070955007914e+02 1.222960861953605871e+00
2.170000000000000000e+02 2.170000071283503189e+02 1.201885075709130168e+00
2.180000000000000000e+02 2.180000071611998465e+02 1.191656495191886878e+00
2.190000000000000000e+02 2.190000071940494024e+02 1.173303842606334468e+00
2.200000000000000000e+02 2.200000072268989300e+02 1.158717491702932811e+00
2.210000000000000000e+02 2.210000072597484859e+02 1.141867036832938886e+00
2.220000000000000000e+02 2.220000072925980135e+02 1.129284096471224963e+00
2.230000000000000000e+02 2.230000073254475694e+02 1.115079998543020423e+00
2.240000000000000000e+02 2.240000073582970970e+02 1.107770092519380745e+00
2.250000000000000000e+02 2.250000073911466529e+02 1.082398124301097164e+00
2.260000000000000000e+02 2.260000074239961805e+02 1.078346433124578230e+00
2.270000000000000000e+02 2.270000074568457364e+02 1.064357859275379514e+00
2.280000000000000000e+02 2.280000074896952640e+02 1.052147954317924849e+00
2.290000000000000000e+02 2.290000075225448199e+02 1.034440137802075554e+00
2.300000000000000000e+02 2.300000075553943475e+02 1.017060333914210135e+00
2.310000000000000000e+02 2.310000075882438750e+02 1.005556516704386727e+00
2.320000000000000000e+02 2.320000076210934310e+02 9.957350962751507772e-01
2.330000000000000000e+02 2.330000076539429585e+02 9.915282563890552847e-01
2.340000000000000000e+02 2.340000076867925145e+02 9.788753217342923696e-01
2.350000000000000000e+02 2.350000077196420420e+02 9.742337217978629393e-01
2.360000000000000000e+02 2.360000077524915980e+02 9.649902765720638209e-01
2.370000000000000000e+02 2.370000077853411256e+02 9.612881716457467585e-01
2.380000000000000000e+02 2.380000078181906815e+02 9.602161388976404588e-01
2.390000000000000000e+02 2.390000078510402091e+02 9.518681928271579551e-01
2.400000000000000000e+02 2.400000078838897650e+02 9.438225088679854657e-01
2.410000000000000000e+02 2.410000079167392926e+02 9.438961902834809292e-01
2.420000000000000000e+02 2.420000079495888485e+02 9.383259736175686427e-01
2.430000000000000000e+02 2.430000079824383761e+02 9.268132492834098013e-01
2.440000000000000000e+02 2.440000080152879036e+02 9.222505891720331750e-01
2.450000000000000000e+02 2.450000080481374596e+02 9.115889418947058509e-01
2.460000000000000000e+02 2.460000080809869871e+02 8.999393679602889495e-01
2.470000000000000000e+02 2.470000081138365431e+02 9.009848148892047881e-01
2.480000000000000000e+02 2.480000081466860706e+02 8.949786708834113202e-01
2.490000000000000000e+02 2.490000081795356266e+02 8.836191887141148227e-01
2.500000000000000000e+02 2.500000082123851541e+02 8.825693150050051283e-01
2.510000000000000000e+02 2.510000082452347101e+02 8.836349196096610070e-01
2.520000000000000000e+02 2.520000082780842376e+02 8.732406948761457510e-01
2.530000000000000000e+02 2.530000083109337936e+02 8.763712866436913496e-01
2.540000000000000000e+02 2.540000083437833212e+02 8.728552166222336428e-01
2.550000000000000000e+02 2.550000083766328771e+02 8.719910550217405687e-01
2.560000000000000000e+02 2.560000084094824047e+02 8.624457147298097981e-01
2.570000000000000000e+02 2.570000084423319322e+02 8.616453940418861146e-01
2.580000000000000000e+02 2.580000084751814597e+02 8.558989221882280507e-01
2.590000000000000000e+02 2.590000085080310441e+02 8.498234735945014995e-01
2.600000000000000000e+02 2.600000085408805717e+02 8.546356800873528003e-01
